bn2o-30-20-200-2a_K-70_D-20_bs-128_epk-300_lr-0.001_bta-0.25_gma-0.99_sd-0-train:-18.784292923681882 valid:-18.965901291472647 test:-19.000902899612882
bn2o-30-20-200-2a_K-70_D-20_bs-128_epk-300_lr-0.001_bta-0.25_gma-0.99_sd-0-train:-18.807728605905428 valid:-19.00235598017781 test:-19.029842508201543
bn2o-30-20-200-2a_K-100_D-20_bs-64_epk-400_lr-0.0005_bta-0.1_gma-0.99_sd-0-train:-18.792422440823415 valid:-19.06150774858049 test:-19.052753003154976
bn2o-30-20-200-2a_K-100_D-20_bs-64_epk-400_lr-0.0005_bta-0.1_gma-0.99_sd-1-train:-18.837402675103323 valid:-19.029225127790497 test:-19.037240829018415
bn2o-30-20-200-2a_K-100_D-30_bs-128_epk-300_lr-0.001_bta-0.2_gma-0.99_sd-1-train:-18.887573853445485 valid:-19.077527294860108 test:-19.092337622016473
bn2o-30-20-200-2a_K-200_D-30_bs-128_epk-300_lr-0.001_bta-0.5_gma-0.99_sd-1-train:-18.838351461462157 valid:-18.998025592836 test:-19.027687458665387
bn2o-30-20-200-2a_K-200_D-20_bs-64_epk-500_lr-0.0005_bta-0.15_gma-0.99_sd-1-train:-18.873751936940025 valid:-19.03372904356761 test:-19.04929355282338
bn2o-30-20-200-2a_K-100_D-20_bs-64_epk-500_lr-0.0005_bta-0.1_gma-0.99_sd-1-train:-18.853380675026717 valid:-19.027927142063287 test:-19.05758616096577
bn2o-30-20-200-2a_K-100_D-20_bs-64_epk-500_lr-0.0005_bta-0.1_gma-0.99_sd-2-train:-18.768092550705568 valid:-18.999787908045203 test:-19.028510945783793
bn2o-30-20-200-2a_K-100_D-20_bs-64_epk-500_lr-0.0005_bta-0.1_gma-0.99_sd-3-train:-19.120095815065206 valid:-19.142651147371726 test:-19.179132240935168
bn2o-30-20-200-2a_K-100_D-20_bs-64_epk-500_lr-0.0005_bta-0.1_gma-0.99_sd-6-train:-19.120095815065206 valid:-19.142651147371726 test:-19.179132240935168
bn2o-30-20-200-2a_K-100_D-20_bs-64_epk-500_lr-0.0005_bta-0.1_gma-0.99_sd-5-train:-19.120095815065206 valid:-19.142651147371726 test:-19.179132240935168
bn2o-30-20-200-2a_K-100_D-20_bs-64_epk-500_lr-0.0005_bta-0.1_gma-0.99_sd-4-train:-18.781439287047064 valid:-19.004239169581844 test:-19.049860528801275
bn2o-30-20-200-2a_K-100_D-20_bs-64_epk-500_lr-0.0005_bta-0.1_gma-0.99_sd-3-train:-18.669250527644415 valid:-18.986533212551624 test:-19.02356859150266
bn2o-30-20-200-2a_K-100_D-20_bs-64_epk-500_lr-0.0005_bta-0.1_gma-0.99_sd-30-train:-18.933736866277684 valid:-19.26098042191635 test:-19.302771742566726
bn2o-30-20-200-2a_K-100_D-20_bs-64_epk-500_lr-0.0005_bta-10.0_gma-0.99_sd-30-train:-18.844333900059738 valid:-19.056655236123085 test:-19.073092534532364
bn2o-30-20-200-2a_K-100_D-20_bs-64_epk-500_lr-0.0005_bta-100.0_gma-0.99_sd-8-train:-19.120095815065206 valid:-19.142651147371726 test:-19.179132240935168
bn2o-30-20-200-2a_K-100_D-20_bs-64_epk-500_lr-0.0005_bta-1000.0_gma-0.99_sd-3-train:-19.114698170393563 valid:-19.147426930360954 test:-19.18240736040468
bn2o-30-20-200-2a_K-100_D-20_bs-64_epk-500_lr-0.0005_bta-10.0_gma-0.99_sd-8-train:-19.120095815065206 valid:-19.142651147371726 test:-19.179132240935168
bn2o-30-20-200-2a_K-100_D-20_bs-64_epk-500_lr-0.0005_bta-0.7_gma-0.99_sd-3-train:-18.833645439133434 valid:-19.03272273899251 test:-19.071483727496023
